400 0.0410072768105276 0.000171115820352086
401 0.041048327105902 0.000145612476990381
402 0.0410639624789664 0.000123335212424683
403 0.0411151867446734 0.000104968309656283
404 0.0412020320209249 9.11008009991813e-05
405 0.0412959807109718 8.24381319462476e-05
406 0.0413969011090107 7.79713557201923e-05
407 0.0415161233462502 7.38277679183349e-05
408 0.0416602214407295 7.03442253719457e-05
409 0.041788829253503 6.70924717449241e-05
410 0.041895438932973 6.45509532877898e-05
411 0.041981150393361 6.08944497426007e-05
412 0.0421112946998457 5.75488987924057e-05
413 0.0422639596993834 5.67892515371035e-05
414 0.0424232595025756 5.57155250708272e-05
415 0.042576243506975 5.56491968202393e-05
416 0.0427280530055953 5.56844154560676e-05
417 0.0428773958811235 5.60693266467131e-05
418 0.0430177100665188 5.68091695638888e-05
419 0.0431724992694993 5.68271682372608e-05
420 0.043326061771583 5.64049380578656e-05
421 0.0434692144322764 5.57805549266432e-05
422 0.0436177086740615 5.48628241661116e-05
423 0.0437728731276153 5.36567889533392e-05
424 0.0439520333709695 5.42298401259728e-05
425 0.0441326158678447 5.41257834479905e-05
426 0.044273751919264 5.38482431052742e-05
427 0.0443621128474759 5.29441252659493e-05
428 0.044455795115155 5.20213290426217e-05
429 0.0445641827797739 5.24993303497212e-05
430 0.0446579061705438 5.09752189926407e-05
431 0.0447437592557376 4.97056353465835e-05
432 0.0448416237635464 4.91674182730567e-05
433 0.0449382417094253 4.89776248558938e-05
434 0.0450136600206708 4.82006951112803e-05
435 0.0450918358792135 4.83371995278918e-05
436 0.0451580927350386 4.8256322339507e-05
437 0.04520188058846 4.873606551633e-05
438 0.04524701797441 4.93747055643287e-05
439 0.0452908375635277 4.99951784994412e-05
440 0.0453361506686115 5.2372765481122e-05
441 0.0453868455175107 5.54109411190205e-05
442 0.0454204710237079 6.02249187680529e-05
443 0.045440762013347 6.42248177191306e-05
444 0.0454506024927222 6.98291007320322e-05
445 0.0454539306847157 7.65051120824363e-05
446 0.0454321969914229 8.44935951821284e-05
447 0.0454064084278005 9.15469484383362e-05
448 0.0453783545380975 0.000101875486965304
449 0.0453467593372014 0.000115607717011697
450 0.0452994693481778 0.000130632184919644
451 0.0452393276652821 0.000148278013431282
452 0.045183923481008 0.000170885329089575
453 0.045117810709145 0.000191709346381377
454 0.0450446226575417 0.000217805412801403
455 0.0449618652751055 0.000240782066603409
456 0.0448801168793121 0.000269461873556119
457 0.0447998420732166 0.00029795956587496
458 0.0447240315266727 0.00032846503412139
459 0.0446446025158164 0.000352163293520323
460 0.0445629352666306 0.000377590139192558
461 0.0444727785806167 0.000406699321303154
462 0.0443836706747601 0.000426034668282539
463 0.0442984330727075 0.000451722073672294
464 0.0442138209411488 0.000473009701988211
465 0.0441294455551634 0.000495115381968138
466 0.0440546074737568 0.000518356942968113
467 0.0439805493061808 0.000538329788609664
468 0.0439251704748667 0.000559082022698651
469 0.0438822937061005 0.000576021591393489
470 0.0438417617066122 0.000597997382872397
471 0.0438008609526326 0.000611189788054658
472 0.0437568351664503 0.000621803454546501
473 0.0437210356638925 0.000640498559061734
474 0.0436824162594003 0.000651567995938513
475 0.0436427700663859 0.000657477268904982
476 0.0436124938809447 0.00067703253753978
477 0.0435777462665302 0.000693866867954018
478 0.0435419761240966 0.000705608936272356
479 0.0435053858162655 0.000732298021859061
480 0.043463207454903 0.000750894304780489
481 0.0434105843216256 0.000775917783682465
482 0.0433485708986377 0.000812054970044352
483 0.0432740918110503 0.000856814590020597
484 0.0431875551890947 0.000911600520391446
485 0.0430854896795529 0.000977940308243929
486 0.0429672436664561 0.00105797151017594
487 0.0428314848096248 0.00114522209909954
488 0.042679570520216 0.00125014792374095
489 0.0425160508927709 0.00140511119898161
490 0.0423278231303918 0.00156076662068102
491 0.0421333932927438 0.00175678831627291
492 0.0419192345494601 0.00197902056248651
493 0.0416975158931498 0.00224948596041783
494 0.0414621070666015 0.00252645273802855
495 0.0412381163351738 0.00289960313008787
496 0.0410124736844669 0.00330382083885094
497 0.0407950089783865 0.00376711227022793
498 0.0406126068134222 0.00435532464982156
499 0.0404214737606774 0.00493316464603208
500 0.0402840491901707 0.00566822176095352
501 0.0401502634329897 0.00641881208373874
502 0.0400977913388558 0.00735473193975802
503 0.0400558584623044 0.00829104770594319
504 0.0400824532742427 0.00936457802965292
505 0.0401534527765598 0.01050631050231
506 0.0403221955809733 0.011808472962321
507 0.0406095319652207 0.0132943549145981
508 0.040958076829778 0.0148443080699975
509 0.0413614617258882 0.0164356548488849
510 0.0418888398621294 0.0182000437433817
511 0.042556336953938 0.0201617400795934
512 0.0432757803398257 0.022140460588662
513 0.0441365322445662 0.0242828519342203
514 0.0451659834705154 0.0266339711416167
515 0.0463375604659688 0.0291343653682231
516 0.0477084491365904 0.0318817954052253
517 0.0490459806227124 0.0344709109178277
518 0.050540637514814 0.0372203668739578
519 0.0521960646033825 0.0401406979971851
520 0.0537603081524089 0.0428266998003584
521 0.0554531059685976 0.0456304435374245
522 0.0572253308398218 0.048482056965808
523 0.0588406488810369 0.0510196889928367
524 0.0608361453605021 0.0540653816030384
525 0.0622414248443674 0.0561810805146337
526 0.064012245376957 0.0587873737700932
527 0.0654089892120669 0.0608153215313947
528 0.0667357256982218 0.06272510641318
529 0.0681247406539293 0.0647046051135376
530 0.0695771799083709 0.0667602457518552
531 0.0704294604212846 0.0679674896558751
532 0.0713033334595295 0.0692024773153955
533 0.0721154100210203 0.0703525790349999
534 0.0728603883030104 0.0714117810398191
535 0.0729858640654697 0.071626060184758
536 0.0736551130655126 0.0726023257778036
537 0.0737796624172129 0.0728276165413845
538 0.0743722748107657 0.0737085690914333
539 0.074405750790725 0.0738246164942396
540 0.0749155924496972 0.0746033504434609
541 0.074855728403517 0.0746045598393977
542 0.0747980024851861 0.0746022830276448
543 0.0752259252353063 0.0752622134846517
544 0.0751678540275465 0.0752598204764818
545 0.0750190573370132 0.0751330738827895
546 0.0755415378102764 0.0759257676880824
547 0.0753902938807343 0.075799397200547
548 0.075826188498976 0.0764732443816298
549 0.075626549697189 0.0762842697967526
550 0.0754460643890133 0.0761211702928102
551 0.0758329650181524 0.0767415966141653
552 0.0756183338086399 0.0765482223333856
553 0.0753839879084246 0.0763338425176159
554 0.0751372546057898 0.0761148770637848
555 0.0748793242953113 0.0758896295719265
556 0.0740275139516026 0.074859566323837
557 0.0737401354029179 0.0746165898047354
558 0.0728853880738864 0.0735965101043945
559 0.0720371420028547 0.0725855400624313
560 0.0711871996368513 0.0715720742230424
561 0.0703432452674768 0.0705699205853662
562 0.0690059199783546 0.068864737632392
563 0.0681886251509938 0.0678925470168271
564 0.0669032024214881 0.0662345364885325
565 0.0656607102705353 0.0646287002186644
566 0.0644477192587361 0.0630498862806531
567 0.0632704559539056 0.0615077741122956
568 0.0617290202656063 0.0594042998608526
569 0.0602633358423314 0.0573844331446653
570 0.0592160815183805 0.0559786176445118
571 0.0578566645542623 0.0540663602279569
572 0.0565594456025436 0.0522196695727309
573 0.0553214880544493 0.0504359684855552
574 0.0541411382905477 0.048711622128406
575 0.0532983140377189 0.0474986959216016
576 0.0522114085448894 0.0458688458806699
577 0.0514306206886431 0.0447202032222869
578 0.0504320655402463 0.0431880593916724
579 0.0497122305859007 0.0420968939549283
580 0.0490206639828968 0.0410339237517599
581 0.0483532494769092 0.0399929620195988
582 0.0477079014153416 0.0389740343973564
583 0.0472912584802322 0.0383343625725134
584 0.0466822923042607 0.0373508555758172
585 0.0462878465851926 0.0367307675373895
586 0.0457126324719497 0.0357826357774672
587 0.0453381713091845 0.0351821373843957
588 0.0449716232449347 0.0345889847065947
589 0.0446103230458019 0.0340043514573314
590 0.0444284606437634 0.0337361810735829
591 0.0440791927405267 0.0331588410366159
592 0.0439021828704997 0.0328907503240043
593 0.0435631034728629 0.032323498370181
594 0.0433887222651201 0.0320573586759209
595 0.0432149274969797 0.0317913186289703
596 0.0430417193802116 0.0315253759728126
597 0.0428714933626905 0.0312581321667978
598 0.0427019933818978 0.0309912649818357
599 0.0425321268929998 0.0307256575375321
600 0.0423631221860252 0.0304606710495285
601 0.0421955163329517 0.0301973225297144
602 0.0420320815655372 0.0299350019228512
603 0.0417291583835134 0.029406058546414
604 0.0414345482852637 0.0288866319142346
605 0.0411492133698597 0.0283758167023281
606 0.0408741272048624 0.0278727659243055
607 0.0406079588830279 0.0273780678462674
608 0.0402288101980674 0.0266491799859684
609 0.0398658705127247 0.0259400341744981
610 0.0395174289277242 0.0252506851386509
611 0.0391841192024776 0.0245799006616346
612 0.0388654368063144 0.0239271353399649
613 0.0384615500502095 0.02308437207124
614 0.0381778877901177 0.0224703169095924
615 0.0379038354483926 0.0218743441299777
616 0.037553688484713 0.0211063365061475
617 0.0373066770515773 0.0205475007860099
618 0.037067938988032 0.0200049834001765
619 0.0368371078673713 0.0194782553016778
620 0.0366892612918535 0.0191348635080289
621 0.0364680956559552 0.01863444340681
622 0.0363248175968842 0.0183087563867758
623 0.0362527497710733 0.0181488871597252
624 0.0361100445315129 0.0178340529668948
625 0.0360346857278743 0.0176808489375283
626 0.0359578138665774 0.0175299421586839
627 0.0358770666887814 0.0173821793422757
628 0.0358629675575313 0.017387486980457
629 0.035780682445218 0.0172418910875726
630 0.0357689326560627 0.0172462778886712
631 0.0356944994501685 0.0170993407588818
632 0.0356255603906196 0.016952011704085
633 0.0355668108304742 0.0168026122451321
634 0.0354539927668007 0.0165071507133251
635 0.0353536297958635 0.0162138891057731
636 0.0352109946449669 0.0157834857406439
637 0.0350323728141058 0.0152277973740308
638 0.0348799959397591 0.0146878625731475
639 0.0347014235247951 0.0140419751460119
640 0.0345062324808259 0.0133064278857638
641 0.0343468350623194 0.01260710163451
642 0.0341813625530707 0.011840534562711
643 0.0340514565853869 0.0111198346182929
644 0.033952851696892 0.0104427673322362
645 0.0338814321388999 0.00980714461257195
646 0.0338020438487965 0.00913376178317915
647 0.0337694149317279 0.00858064900195965
648 0.0337473496997952 0.00806312307206939
649 0.0337535100828876 0.00764315397650832
650 0.033760928410246 0.00724714151435197
651 0.0337887478087209 0.00693127307957995
652 0.033817671124168 0.00663032695870584
653 0.0338521941082361 0.00634289779370099
654 0.0338825901101794 0.00601719385801312
655 0.0339526544974471 0.00575429481445516
656 0.03402010011869 0.00541035959813464
657 0.0341252587080099 0.00508453545104295
658 0.0342493813355641 0.00469733044786804
659 0.0344111443752255 0.00430168009052655
660 0.0346131843041484 0.00390517136160303
661 0.0348565679986924 0.00351477042837558
662 0.0351370140705099 0.0031368448812133
663 0.0354571749777268 0.00279914447114164
664 0.0358050574650982 0.00247753342746015
665 0.0361793440563922 0.00221108155062928
666 0.0365650114089496 0.00197386641830143
667 0.0369618021446132 0.00177688062623213
668 0.0373572597580942 0.00161317896451441
669 0.0377497437595731 0.00148886162475754
670 0.0381319586739432 0.00138577101068698
671 0.0385052444067436 0.00131109886823874
672 0.0388709471013102 0.0012607812259082
673 0.0392260778431524 0.00122245340116587
674 0.0395801579339639 0.0012044720020235
675 0.0399333532903662 0.00119633402498845
676 0.0402791781039636 0.00119798928492101
677 0.0406121294169721 0.00121932814964658
678 0.0409195909471671 0.0012617501360408
679 0.0411788717537381 0.00132807311211647
680 0.0413666120763961 0.00143413219246686
681 0.0414519317753151 0.00159006233479047
682 0.0414020800618364 0.00181172592965657
683 0.0411980008234071 0.00212307322259018
684 0.0408516097584837 0.00258093428614169
685 0.0403591081682221 0.00320499509028806
686 0.0397663338636911 0.00406614769738258
687 0.0391681384339043 0.00526855699788154
688 0.0386675612292674 0.0069118712490668
689 0.0383438163312969 0.00902344274086571
690 0.0383736680969262 0.0118091814517737
691 0.0388283840880312 0.0152141148497008
692 0.0398675136319045 0.0194530845332377
693 0.0416417665749257 0.024679935626116
694 0.044020631665875 0.030499804380913
695 0.0473080164412861 0.037378790907415
696 0.0513827588861379 0.0450208907079103
697 0.0561941231438457 0.0532780153606826
698 0.0620342313062488 0.0625503926636598
699 0.0684675050964185 0.0721400130188599
700 0.0752292537486525 0.0816781963765857
701 0.0826802161992106 0.091707567868438
702 0.0907259014609239 0.10210133555147
703 0.0993287291465319 0.112813479005901
704 0.107995217652136 0.123239450964161
705 0.116781286784384 0.133499693279032
706 0.125734201525117 0.143685527955741
707 0.134995572004469 0.153988867805673
708 0.144265820414218 0.164073970756633
709 0.153548162430669 0.173978470739227
710 0.163123275465366 0.184034463551165
711 0.172679372867642 0.193894900434163
712 0.182332275262225 0.203717942284123
713 0.191983712327595 0.213394977876651
714 0.201829827300413 0.22316114613047
715 0.21181284466936 0.232963829239957
716 0.221501137999183 0.242345664756199
717 0.23151821613937 0.25199227533439
718 0.241438639582681 0.261448139118596
719 0.251160757045841 0.270631534011128
720 0.261051636228033 0.279937122027342
721 0.271081516404445 0.289337036439322
722 0.280678694204665 0.298247393422877
723 0.289710710034349 0.306542332035091
724 0.299227734082032 0.315325337810985
725 0.308644729733267 0.323983248858498
726 0.317243189282407 0.331792077635078
727 0.326245186808479 0.340020115958317
728 0.334238922778468 0.347219669750984
729 0.342564561671484 0.354772045101169
730 0.350461800506249 0.36190164646975
731 0.3578546417424 0.368548502697209
732 0.364923733219486 0.374893328629537
733 0.371793393853399 0.381070462472853
734 0.378346887261767 0.386952577272173
735 0.384539509558742 0.392509491306735
736 0.390331746891309 0.397703996826506
737 0.395879164819481 0.402694147671887
738 0.401060574042437 0.407354006116726
739 0.405940736799875 0.411762405440211
740 0.410503981256575 0.415886357827864
741 0.414720035789174 0.419715543342787
742 0.418678793801775 0.423328294940402
743 0.422252940973972 0.426604755318634
744 0.4255358831448 0.429632674987965
745 0.428625266395188 0.432510022180378
746 0.431399412666783 0.435116086608152
747 0.433962593802741 0.437548929327291
748 0.436190928838487 0.43968557504731
749 0.438311237651735 0.441745876830973
750 0.440205496964657 0.443606203307453
751 0.44174675570486 0.445140394498834
752 0.443169371582776 0.446581901948843
753 0.444472529189253 0.44792364987773
754 0.445653068433506 0.449162580145248
755 0.446713808320818 0.450295170871618
756 0.447774061757717 0.451440225653718
757 0.448587522508792 0.452352619837817
758 0.449399543160652 0.453276606302802
759 0.450089825809167 0.454079594713206
760 0.450530695229452 0.454647327260598
761 0.451113725703307 0.455343883733334
762 0.451645799739642 0.455996320891176
763 0.452154100142546 0.456625254070867
764 0.452650933080143 0.457242933983937
765 0.453148709528811 0.457861719881164
766 0.453622414473567 0.458456693387248
767 0.454096969522226 0.459052676144631
768 0.454548382315188 0.459625764346417
769 0.454996716837596 0.460202445883843
770 0.455416253101238 0.460763617768873
771 0.455840772527764 0.461316917136362
772 0.456237916341514 0.461849619142154
773 0.456636747676954 0.462384177512599
774 0.457013542583684 0.462890408064281
775 0.457380910931394 0.463380858290209
776 0.457745980936949 0.463875706987176
777 0.458086041412872 0.4643457723422
778 0.458406576778643 0.464783401883841
779 0.45873027004699 0.465217743463059
780 0.459042686077513 0.465640951675974
781 0.459327025244936 0.466042838620684
782 0.459600495466201 0.466427423581008
783 0.45986421192585 0.46679580165113
784 0.46011815178191 0.467147933706349
785 0.460342071851498 0.467483379132654
786 0.460561603092216 0.467827736632539
787 0.460746632963259 0.468131176631554
788 0.460931155305019 0.468427605509294
789 0.461090989366962 0.468706092947252
790 0.461239260354894 0.468966518981067
791 0.461371218044457 0.46920412519848
792 0.46148455556566 0.469429837428053
793 0.461573058987832 0.469644084982554
794 0.461642157834309 0.469839045674916
795 0.461693271769791 0.470016131496324
796 0.461726108812449 0.470175045228232
797 0.461740676469068 0.470315788663576
798 0.461739086706419 0.470433818718872
799 0.461724110080396 0.470525237233868
800 0.461691002483652 0.470598587540083
801 0.461645880564836 0.470659977500393
802 0.461596691737635 0.470724006733746
803 0.461546880607373 0.470794126880117
804 0.461494142306848 0.470868043904286
805 0.461441972544431 0.470935921806115
806 0.461386873506883 0.471007600485727
807 0.461337547398524 0.471071759990366
808 0.461290491617392 0.471138240079083
809 0.461245776737289 0.471193745247055
810 0.461202189894919 0.471250417569682
811 0.46115858316511 0.471307109028943
812 0.461110900514239 0.471366453627603
813 0.461060285132606 0.471429603221957
814 0.461012556845778 0.471488993487481
815 0.460964806416212 0.471548405923957
816 0.460910058203956 0.471614268088271
817 0.460859970071591 0.471671434828105
818 0.460813923750275 0.471725980859041
819 0.460769003353637 0.471781692950234
820 0.460725839106026 0.471832486137703
821 0.46067515945136 0.471882507015139
822 0.460618617439131 0.471940139629946
823 0.460568408772993 0.471997438877437
824 0.460514109846371 0.472057414023635
825 0.460450001807302 0.472114345046688
826 0.460383086455071 0.472161782855341
827 0.460329366109466 0.472215749773881
828 0.460273342149852 0.472267452181963
829 0.460200667037895 0.472309256235392
830 0.460145259815639 0.472354917478361
831 0.460088044503686 0.47240555426682
832 0.460025762369357 0.472444402203277
833 0.459967546739993 0.472480607285491
834 0.459926598481745 0.472520638935316
835 0.459889718087122 0.472558013449231
836 0.459844190216764 0.472593500534385
837 0.459795528587129 0.472646164054223
838 0.459749127121811 0.472701133165979
839 0.459695207433411 0.472755372555523
840 0.459646490077046 0.472808099902118
841 0.459605923229526 0.472855488556169
842 0.45955830959798 0.472909396294403
843 0.459509539420867 0.472962183029615
844 0.459460076169288 0.473021098982466
845 0.459414679439872 0.473077352100969
846 0.459365851906758 0.473130202029844
847 0.4593192795272 0.473185354611546
848 0.459272687794062 0.473240527463401
849 0.459225624646263 0.473288466732861
850 0.459184225865777 0.473342126570135
851 0.459143496771324 0.473389688406414
852 0.45910457767215 0.473432289742173
853 0.459060859973037 0.473483718147727
854 0.459021222740835 0.473532465983117
855 0.458976337542033 0.473582788863111
856 0.458935096174306 0.47362316976983
857 0.458901346647791 0.473664280676243
858 0.458864619934896 0.473709244885931
859 0.458814441682622 0.473761196689312
860 0.458761707716799 0.473824277250936
861 0.458705977578973 0.473891230891746
862 0.458649086149389 0.473957075307365
863 0.458604062960434 0.474007549263345
864 0.458569080492608 0.474047626638519
865 0.458535509920203 0.47407545919434
866 0.458509018369044 0.474096733237899
867 0.458484787623844 0.474120288276022
868 0.45845870769161 0.474148839659263
869 0.458425951163191 0.47419123630095
870 0.458376739697317 0.474244516943606
871 0.458317023279312 0.474300984558335
872 0.458261808183726 0.4743620293388
873 0.458211813859482 0.474421514364731
874 0.458153160826689 0.474479201110244
875 0.458102718850907 0.474531461833619
876 0.45805338838842 0.474584880583087
877 0.458000651424893 0.474634911992303
878 0.457952413525144 0.474689509901359
879 0.457901898949631 0.474741857066966
880 0.45784871725393 0.474784677049971
881 0.45780415781243 0.474829323513158
882 0.457757717596887 0.47487899479707
883 0.457704881532275 0.474929153643287
884 0.457649030390036 0.474983210828568
885 0.45759654066465 0.475040697695598
886 0.457542155190129 0.475103222304602
887 0.457488494307522 0.475159624620394
888 0.457432185590628 0.475206498758629
889 0.457385621538913 0.4752563174136
890 0.45733904123635 0.475306154860031
891 0.457283810650619 0.475354228526187
892 0.45723193915058 0.475405725963472
893 0.457183424142158 0.475460645533759
894 0.457131878290789 0.475519476386909
895 0.457078061880108 0.4755760653909
896 0.457021619307364 0.475623122348518
897 0.456974918103754 0.475673104015248
898 0.456928200550107 0.475723104568842
899 0.456875851311879 0.475767462825327
900 0.456827979528259 0.475816369938355
901 0.456783112047798 0.475861396672624
902 0.456729598445348 0.475904682383773
903 0.456678315660442 0.475950252210685
904 0.456632627123755 0.476001499137808
905 0.456586921643802 0.476052764709638
906 0.456536714417625 0.47609952477267
907 0.456476739646508 0.476143427501993
908 0.45641820474583 0.476195787101347
909 0.456367162076074 0.476248784167104
910 0.456317220857379 0.476302933572182
911 0.456259422677336 0.476349194293866
912 0.456197927112321 0.476384785478247
913 0.456143933465276 0.476421002827595
914 0.4560966431848 0.476464016454297
915 0.45604934026798 0.476507047576465
916 0.455985884474227 0.47654777494386
917 0.455906767249521 0.476572726171538
918 0.455838822775229 0.476608996269021
919 0.455776764716809 0.476658246187072
920 0.455714689636462 0.476707524132692
921 0.455641938887023 0.476732056671443
922 0.455543822964068 0.476738000236314
923 0.455454432359571 0.47677381816878
924 0.455372839650635 0.476817568877036
925 0.455292871136537 0.47684898365116
926 0.455213717873906 0.476874245294064
927 0.455134563099708 0.476899541303798
928 0.45504732392338 0.476909676165208
929 0.454912532992932 0.476878791576727
930 0.454806135974074 0.476862582459833
931 0.454736168475856 0.476876199329476
932 0.454628719025494 0.476887104661038
933 0.454520178077135 0.476925101654802
934 0.454414686116609 0.476959211460762
935 0.454299222212866 0.476955112596484
936 0.454153574417099 0.476913460468523
937 0.45403129277598 0.476867273286072
938 0.4539484017493 0.476846853107597
939 0.453855218528207 0.47686540220668
940 0.45368531444913 0.476855744449899
941 0.453441859094634 0.476814077154621
942 0.453269056688206 0.476808707269332
943 0.453153887654658 0.476805203733158
944 0.45302279744804 0.476771462835472
945 0.452860536042598 0.476727399561773
946 0.452713643433584 0.476663539740552
947 0.452628584431831 0.476570300601788
948 0.452563728029094 0.476476296579844
949 0.452351011103509 0.476345741925073
950 0.451960887400776 0.476141645236563
951 0.451701107581839 0.476048408780755
952 0.451511590300645 0.475990991632399
953 0.451279641196076 0.475862233055994
954 0.451043058921832 0.475714596438973
955 0.45082980821707 0.475562236904626
956 0.450646453447587 0.475447273574878
957 0.450448020005246 0.475352496166583
958 0.450285473521289 0.475287025395739
959 0.450187389851552 0.475187556017531
960 0.450041478106545 0.47507506887726
961 0.449802240174556 0.475009923842542
962 0.449650120296329 0.47503322702245
963 0.449579721443237 0.475075543289004
964 0.449507576601803 0.475094792418561
965 0.449436746711057 0.475086942285795
966 0.449388957536242 0.475074021232682
967 0.449332045819575 0.475073194788989
968 0.449305975045922 0.475082323455255
969 0.449290357003736 0.475052237050542
970 0.449276462186815 0.475045252692803
971 0.449244308447112 0.475062447251151
972 0.449179994980211 0.475096855685001
973 0.449108240283906 0.475166496612353
974 0.449022566738222 0.475229210472943
975 0.448978195161345 0.475262605120841
976 0.448953799647235 0.475294902305963
977 0.448921924958185 0.475362437921502
978 0.448870037472132 0.475431110446634
979 0.448839777044179 0.475521807330756
980 0.448809478996329 0.475612527129935
981 0.448776084209455 0.475707314544958
982 0.448741008214944 0.475778992595081
983 0.448736735420072 0.47586054104217
984 0.448736938420575 0.475910865506836
985 0.448757149409944 0.475960048987757
986 0.448798813706517 0.475980905401536
987 0.448863570299308 0.47599658678465
988 0.448922209986819 0.47602037584882
989 0.448951638618902 0.47605743871012
990 0.448973505967793 0.476129782773231
991 0.449006200938511 0.476213143571402
992 0.449023542297775 0.47631674332468
993 0.449006904804719 0.476414521897632
994 0.448988764333445 0.476539525552782
995 0.448967488220924 0.476668610296129
996 0.448964726962494 0.476823803915977
997 0.448943318055673 0.4769529581901
998 0.448938845360008 0.477085048723829
999 0.448962114395522 0.477180666138389
1000 0.448988459150144 0.477272240126303
1001 0.448983873192805 0.477404391395986
1002 0.448986965175704 0.477551647000089
1003 0.448997755548264 0.47766356028171
1004 0.449010085296016 0.477748231794318
1005 0.449045633278208 0.477827693306331
1006 0.449092012253175 0.477918188343748
1007 0.449150808689034 0.477992458627573
1008 0.449200303730103 0.478078922729959
1009 0.449234269929854 0.478185699337887
1010 0.449258896307896 0.478304672987352
1011 0.449274162168376 0.478435849767744
1012 0.449298731604361 0.478554863556155
1013 0.44932178379416 0.478650670685922
1014 0.449354175111106 0.478734301165883
1015 0.449403644877913 0.478820857417912
1016 0.449439152847667 0.478900447053433
1017 0.449443434304647 0.479020681168814
1018 0.449438298904312 0.479153132372408
1019 0.449454798121155 0.479307704906233
1020 0.449457263444578 0.479455330637936
1021 0.449459666247766 0.479602989758438
1022 0.449471419715108 0.479738471135197
1023 0.449501967842909 0.479849552518787
1024 0.449541924543087 0.479948437460062
1025 0.449571027414334 0.480036281026343
1026 0.449590687918697 0.480136350402391
1027 0.449600888500356 0.480248650865781
1028 0.449625057983606 0.48036795551165
1029 0.449678964849516 0.480473899329908
1030 0.449720624413055 0.480545512101166
1031 0.449734268602669 0.480603148801523
1032 0.449754217457148 0.480652642438336
1033 0.449783631932555 0.480689918899328
1034 0.449837924160949 0.480745266714632
1035 0.449898542890908 0.480792482118142
1036 0.449949703859947 0.480851927556521
1037 0.449964736143855 0.48093288260831
1038 0.449987460824283 0.481028997639083
1039 0.450002467245295 0.481109971929744
1040 0.450007967353601 0.481203177092353
1041 0.449994442681474 0.481320846340995
1042 0.449977698930892 0.481442618137566
1043 0.449956382448196 0.481545180831697
1044 0.449944546482528 0.481635527548269
1045 0.44993769780846 0.481694407242028
1046 0.44994805131275 0.481756213218252
1047 0.449969259587108 0.481829107000362
1048 0.44998410252265 0.481910170515405
1049 0.449986748720829 0.481956828067744
1050 0.449990707254836 0.482026820347124
1051 0.449977423586016 0.482093900622099
1052 0.449965428252155 0.482184327980596
1053 0.449932981333319 0.482275942848368
1054 0.449917732164888 0.482370491352721
1055 0.449936260098974 0.482396747887544
1056 0.449947119543472 0.482407833396934
1057 0.449926072458235 0.482459790945976
1058 0.449898627231109 0.482519934178415
1059 0.44987755150715 0.482571910332332
1060 0.449867317457225 0.482634978770394
1061 0.449853871781722 0.482702146417163
1062 0.44982635717711 0.482762332367406
1063 0.449798824227655 0.482822530718115
1064 0.449770025146709 0.482859376155575
1065 0.44978087497498 0.48287045817526
1066 0.449787275828739 0.482862269802841
1067 0.449791725300096 0.482881540690339
1068 0.449786570493441 0.482913095384509
1069 0.449754551533689 0.482954046190457
1070 0.449709707728787 0.48301139398908
1071 0.449671254144412 0.483060564733538
1072 0.449629579378973 0.483113849183958
1073 0.449587887218881 0.483167150434292
1074 0.44953975925182 0.483228672766334
1075 0.449491608095803 0.483290217495252
1076 0.449421770619118 0.483329641109631
1077 0.44936596324861 0.483376057110258
1078 0.449320966451417 0.483433563684647
1079 0.449279165575126 0.483486980164173
1080 0.449240564640516 0.483536302665411
1081 0.44917709241721 0.4835676239979
1082 0.449126490186445 0.48358251490015
1083 0.449088765050037 0.483580962220008
1084 0.449047823321993 0.483583530813749
1085 0.44901447423813 0.48360128004544
1086 0.448960652977444 0.48362033046278
1087 0.448901526299446 0.483671041515481
1088 0.448825133762198 0.483718968035612
1089 0.448751949583139 0.483762809924664
1090 0.448667958530112 0.483795640425765
1091 0.448587188632527 0.483824384504852
1092 0.448530112191102 0.483847694270764
1093 0.448503186881441 0.483857292154792
1094 0.448468706401942 0.48385172770724
1095 0.448407305749174 0.483855778975961
1096 0.448318987469963 0.483869470982862
1097 0.448201599132586 0.483920404282765
1098 0.448073430889494 0.483960393262837
1099 0.448013108620425 0.483988000370913
1100 0.447962484627864 0.484003209945455
1101 0.447908625298144 0.48402257372876
1102 0.447833260019227 0.484019923882449
1103 0.44776761227376 0.484004869917402
1104 0.447716996556618 0.48402014144884
1105 0.447650196071417 0.484056154524311
1106 0.447566171023718 0.484089485204228
1107 0.447461687303582 0.484124304017857
1108 0.447362673771233 0.484127424201116
1109 0.44733049043427 0.484094435668829
1110 0.44732847179328 0.484047532874414
1111 0.447309244906237 0.483997942174856
1112 0.4472556194477 0.483942978301218
1113 0.447196544918414 0.483919780180178
1114 0.44716316476598 0.483937866161685
1115 0.44716093326934 0.4839654704414
1116 0.447121069536105 0.483991875556586
1117 0.447009189606402 0.484011767282196
1118 0.446894077140007 0.48403588132621
1119 0.446799398022175 0.484058550448654
1120 0.446717692437592 0.484064610585136
1121 0.44661881601128 0.484068064720964
1122 0.446488848519604 0.484062140122534
1123 0.446349180407251 0.484068802868749
1124 0.446237379689235 0.484089116614407
1125 0.446168721524578 0.484078696057042
1126 0.446067143771103 0.484011980455158
1127 0.445905817895275 0.483898955395891
1128 0.445730705103971 0.483779280885534
1129 0.445577923567266 0.483705048969954
1130 0.445418745749314 0.483639278355603
1131 0.445220383993843 0.483525775914662
1132 0.44492015770543 0.483322705450312
1133 0.444588500616046 0.483087338626786
1134 0.444298741256377 0.482872427461994
1135 0.444036932164594 0.482671168895237
1136 0.443789196749727 0.482476830333755
1137 0.44353761462381 0.482263486284028
1138 0.44323683019277 0.481992055579899
1139 0.442808721552722 0.481642388400122
1140 0.442240266139557 0.481208570560793
1141 0.441683623372314 0.480786802608376
1142 0.441292843911053 0.480467791471796
1143 0.440954023074279 0.480179598046283
1144 0.440513214021939 0.479831611997317
1145 0.439892720916962 0.479381490588725
1146 0.43924038701179 0.47892860578504
1147 0.438764623746094 0.478634748575412
1148 0.43842545765723 0.478428746072836
1149 0.43813351901268 0.478233685174321
1150 0.437803920697378 0.477992301325966
1151 0.437426552352441 0.477694165983499
1152 0.437077401845715 0.47743257953601
1153 0.436716130162884 0.477188617829797
1154 0.436352235269933 0.476949464157496
1155 0.43608155677331 0.476828952498587
1156 0.435932124902776 0.476788135025781
1157 0.435807987615934 0.476713032676996
1158 0.435690215425955 0.476629394970986
1159 0.435578802078977 0.476537213628455
1160 0.435461142231089 0.476453683824405
1161 0.435343539506267 0.476370209264456
1162 0.435225993850476 0.476286789896676
1163 0.435219698412317 0.476295397087098
1164 0.435102211825076 0.476212035591315
1165 0.435061294343087 0.476268010202485
1166 0.435004609359065 0.476345542477552
1167 0.434963648515644 0.47640155894532
1168 0.434836811975997 0.476331246072292
1169 0.434824207783576 0.476348492153571
1170 0.434808450118357 0.476370052095809
1171 0.434742238490794 0.476460632266804
1172 0.434558706839473 0.476468140725509
1173 0.434387852567459 0.476458522035224
1174 0.434353128617579 0.476506060747129
1175 0.434343656177877 0.47651902804339
1176 0.434346813765969 0.476514705506852
1177 0.434349971245869 0.476510383074766
1178 0.434343656177877 0.47651902804339
1179 0.434232841768085 0.476427414678824
1180 0.43420442972725 0.476466332603359
1181 0.434134941150386 0.47656150095368
1182 0.434055913190668 0.47666970827571
1183 0.433897789167342 0.476643182373705
1184 0.433885136826595 0.476660512524087
1185 0.433815616721364 0.476512753161177
1186 0.433881966617531 0.476421792968243
1187 0.433957736520439 0.476317894991544
1188 0.434001906816337 0.476257315657761
1189 0.433989288897096 0.476274621948325
1190 0.433831325043742 0.476248096404541
1191 0.433733465207449 0.476382361243486
1192 0.433610203098758 0.476551418086647
1193 0.433480441578727 0.476729316648249
1194 0.43328131044009 0.476759680455651
1195 0.433236934191157 0.476820524170796
1196 0.433236934191157 0.476820524170796
1197 0.43324644518771 0.476807484493344
1198 0.433252785306437 0.476798791901936
1199 0.433230592981091 0.476829217816046
1200 0.433296563719244 0.476981280051035
1201 0.433255299347963 0.477037803244397
1202 0.433188602497022 0.477129147622178
1203 0.433134574475197 0.477203127191427
1204 0.433086876415383 0.47726842865664
1205 0.433048700218856 0.477320686969047
1206 0.433007941330824 0.477332063681701
1207 0.432992027515099 0.477353846950324
1208 0.432966559705805 0.477388705688866
1209 0.432918788632527 0.477454084106205
1210 0.432870992851824 0.47751948638519
1211 0.432833400931663 0.477526548601816
1212 0.432820649720893 0.477543996402002
1213 0.432898987502254 0.477678680098327
1214 0.432854311799795 0.477739759501512
1215 0.43268097221433 0.47769073778679
1216 0.432626693686063 0.477764981181344
1217 0.432682521841865 0.477930232183687
1218 0.432622505798836 0.477967938618446
1219 0.43257772237828 0.478029134089839
1220 0.432495272596723 0.478097501896702
1221 0.432415200215741 0.478206888772036
1222 0.432344679294864 0.478303204498466
1223 0.432187410124005 0.478232707887377
1224 0.43226210754783 0.478371730331171
1225 0.432101653251754 0.478305674101348
1226 0.432056726984708 0.478367058339659
1227 0.431931664210364 0.478252880931154
1228 0.431922039189243 0.478266041026072
1229 0.431868355970799 0.478295250771317
1230 0.431711308863868 0.478225063482786
1231 0.431772922696925 0.478381551210092
1232 0.431615900497508 0.478311429552112
1233 0.431593418541485 0.478342184540761
1234 0.431549362002827 0.478358307305374
1235 0.431507587450096 0.478415450865193
1236 0.43143136875825 0.478475576662116
1237 0.43123267384112 0.478462899183303
1238 0.431148998711927 0.478577390873654
1239 0.430969682897962 0.478538535417673
1240 0.430914926512749 0.478613486372043
1241 0.430819273942504 0.478700363414853
1242 0.430640049823041 0.478661780167166
1243 0.430733251580627 0.478774066132096
1244 0.4306153226585 0.478651636071019
1245 0.430574473749644 0.478663577388613
1246 0.430529312008053 0.478725424067566
1247 0.430353425767067 0.478682649075665
1248 0.430277075500244 0.478743295374431
1249 0.430254472888613 0.478774261930025
1250 0.430127115310751 0.478665307282152
1251 0.430102423946166 0.478655216049304
1252 0.430079826717126 0.478686199582251
1253 0.430022847135418 0.478720388503304
1254 0.429856864215565 0.478664706435742
1255 0.429805177872582 0.478735610908209
1256 0.429642516838899 0.478675648195173
1257 0.429597271115741 0.478737747413301
1258 0.429441166081517 0.478669049452683
1259 0.429304535472243 0.478573805454478
1260 0.42939066205625 0.478694544804634
1261 0.429257285545852 0.478594885513608
1262 0.429107829346246 0.478517513597138
1263 0.429148595581832 0.478700407302984
1264 0.428963590709016 0.478672024000566
1265 0.428898864547354 0.478761004305337
1266 0.428733359733249 0.47870611531496
1267 0.428603544827227 0.478602336521957
1268 0.428606780718678 0.478597882465926
1269 0.428509374529011 0.478449621804527
1270 0.428506141141623 0.478454076157216
1271 0.428340894982038 0.478399439788377
1272 0.428171177807767 0.4783949487197
1273 0.427983451593753 0.47837178517438
1274 0.42781709218531 0.47836309865138
1275 0.427639226228009 0.47832681629289
1276 0.427498885782969 0.478282602346109
1277 0.427372947959175 0.478174971401065
1278 0.427372947959175 0.478174971401065
1279 0.427139269750357 0.477978645875061
1280 0.427103710881738 0.47802788479665
1281 0.426947471415287 0.478006367419114
1282 0.426665721286599 0.477877671345742
1283 0.426493510986458 0.477878872987566
1284 0.426327821115674 0.477871230133226
1285 0.426166914828106 0.47781358022592
1286 0.426036936861718 0.477756725639286
1287 0.425903784707943 0.477704435357208
1288 0.425772206333027 0.477606575190787
1289 0.425694119914542 0.4774779408073
1290 0.425619280136867 0.477344843713122
1291 0.42550250742641 0.477270267324046
1292 0.425257729850423 0.477093659339788
1293 0.425134679372241 0.477028258764599
1294 0.424998789046766 0.47698094228439
1295 0.424833934692689 0.476974280202185
1296 0.424562457017336 0.476880061438842
1297 0.424388099316247 0.47688726013486
1298 0.424126662056028 0.476779979448555
1299 0.423981515977843 0.476746796016167
1300 0.423976675064719 0.476796988966446
1301 0.423509578215125 0.47641974880356
1302 0.423501504458341 0.476474476254015
1303 0.423345338782749 0.47650093567715
1304 0.423185965360804 0.47653205243634
1305 0.422978702816347 0.476394572245355
1306 0.42275718749385 0.476234276704227
1307 0.422592157624806 0.476038090103315
1308 0.42241283386249 0.475819066582155
1309 0.422240069015304 0.475591103505428
1310 0.422190602253913 0.475468308577984
1311 0.422027600686584 0.475226910935246
1312 0.421740057612656 0.474926448077409
1313 0.421414487768319 0.474680936492727
1314 0.421192835905717 0.474567693820696
1315 0.420842436208929 0.474359350694031
1316 0.420498907077326 0.474142371520797
1317 0.420171806367474 0.473903032485795
1318 0.41984833889117 0.473659553114939
1319 0.41953804828879 0.473398204636278
1320 0.418992790772328 0.472962112275089
1321 0.41868826857194 0.472738313919566
1322 0.418163989765393 0.47227657281162
1323 0.417878086172987 0.4719852263756
1324 0.417611502284861 0.47166668895369
1325 0.417375080828851 0.471348160809316
1326 0.417097911840018 0.471089615118191
1327 0.416477310777445 0.470542526589937
1328 0.415959471558107 0.47012657576083
1329 0.415439638442375 0.469716323070136
1330 0.415177300395576 0.46944153858541
1331 0.41483336124927 0.469010282579013
1332 0.414454179043549 0.468589447113019
1333 0.413943973076074 0.468173177642652
1334 0.413266546755532 0.467731349592098
1335 0.412428672950658 0.467065951863396
1336 0.411933492320899 0.466680798557675
1337 0.411215168396788 0.466037822784338
1338 0.410732184073424 0.465554826461132
1339 0.410290148657878 0.465012309667735
1340 0.410062931607521 0.46465585357541
1341 0.409609881174892 0.464133401046295
1342 0.409114998743029 0.463677139690608
1343 0.408628642792737 0.463253320308921
1344 0.407879429995968 0.462726501739588
1345 0.40698505420765 0.462196580127584
1346 0.405975900141056 0.461577413980332
1347 0.40511853465974 0.461007216232895
1348 0.404273866858135 0.46033970010346
1349 0.403780085901368 0.459867571675001
1350 0.402958297999109 0.459176330798089
1351 0.402474526038503 0.458738125440931
1352 0.401755246563065 0.458170116295553
1353 0.401128660710535 0.457691625038512
1354 0.400434362079689 0.457094319293919
1355 0.400044946112788 0.456518623584834
1356 0.399457479604538 0.455758144100514
1357 0.399146110364342 0.455060950255019
1358 0.398696609703832 0.45439939895685
1359 0.398770276850767 0.454218445397205
1360 0.39889075222913 0.454235664568221
1361 0.39873295957019 0.454155678708685
1362 0.397955638489709 0.4537131637532
1363 0.39701410001233 0.453356420557541
1364 0.396329784060944 0.453090544281987
1365 0.395696760970944 0.452745202663098
1366 0.394893980799434 0.452181257341667
1367 0.394498243024434 0.451496155374384
1368 0.393904494795025 0.450681082322572
1369 0.393111087041762 0.449616491075852
1370 0.392136597456756 0.448361327033314
1371 0.390820303009703 0.446964382428385
1372 0.389331456880817 0.445423874931591
1373 0.388118265669902 0.443893969089076
1374 0.386467738379417 0.442267436778975
1375 0.384544110274347 0.440467606575329
1376 0.383071279985575 0.438639893729821
1377 0.381367086479952 0.436653173634916
1378 0.379836558486929 0.434742686899819
1379 0.378034132486124 0.432760202075559
1380 0.377125738355178 0.431073216027691
1381 0.374738874673687 0.428839461942693
1382 0.372093429112483 0.426405558702301
1383 0.368858927858198 0.423716584936617
1384 0.366287387245263 0.420951049888351
1385 0.362291673377872 0.417700951900388
1386 0.358280799165781 0.414168123167578
1387 0.354516065777511 0.410692487215719
1388 0.350163137899641 0.406897671824939
1389 0.347361802701561 0.403323710556533
1390 0.343001006897377 0.399391336257372
1391 0.339042770707103 0.395357465825864
1392 0.335081917403426 0.391321556866991
1393 0.330737168544619 0.386541094307913
1394 0.326132601690207 0.38219529234715
1395 0.323529216152271 0.378322330400208
1396 0.31994109949405 0.374390499131693
1397 0.315019435918341 0.369858630968848
1398 0.310921762176541 0.365706501735213
1399 0.306775027265289 0.361506408877359
1400 0.303402904262924 0.358095638759768
1401 0.299439745979358 0.353992550128585
1402 0.29538455166622 0.350218533480177
1403 0.291699718171892 0.346203006518669
1404 0.288656979958425 0.342625419215408
1405 0.286210614396438 0.3390332241897
1406 0.283032066194417 0.335529795813788
1407 0.279916897174353 0.332064255118786
1408 0.277358921828245 0.329308307400079
1409 0.274109284036373 0.326203803945669
1410 0.271424832531955 0.323502437695738
1411 0.268862075040855 0.32059219671748
1412 0.266363422711112 0.317864402771767
1413 0.264358533427296 0.315591529231652
1414 0.262340444772558 0.313462462073321
1415 0.260181470147756 0.311234540507678
1416 0.25809715696179 0.309099025948236
1417 0.256032959111684 0.307008771312008
1418 0.2543218930778 0.30545898735095
1419 0.252766627196867 0.303894778257405
1420 0.251133756343105 0.302228814632616
1421 0.249431555060301 0.300653801471636
1422 0.247777361477664 0.299201296660277
1423 0.246526192107631 0.298215974187908
1424 0.244897763126245 0.296799505526388
1425 0.243581134880877 0.296122902465108
1426 0.241960409881526 0.294800452118931
1427 0.241114650838582 0.294327760533819
1428 0.239954480785442 0.293440578842018
1429 0.238800816118524 0.292565462960934
1430 0.237627211089233 0.291790774973731
1431 0.236919673020867 0.291331777154893
1432 0.235794546303362 0.290642027360867
1433 0.235070859735514 0.29026836233923
1434 0.23434896356827 0.290285764540795
1435 0.233605259157073 0.290001094913448
1436 0.232920027128427 0.289723143728925
1437 0.232255738664655 0.28957507869214
1438 0.231565980980517 0.289331384755665
1439 0.230921559882803 0.288946170739793
1440 0.230306407440775 0.288660637736054
1441 0.230038079389787 0.288806478153047
1442 0.229414976905186 0.288558388629868
1443 0.229209218681855 0.288870969172225
1444 0.228983499249307 0.289249217747024
1445 0.228779894011102 0.289553434728874
1446 0.22821898114556 0.289479713083308
1447 0.228004133888474 0.289637336859401
1448 0.227902069703942 0.289790367319595
1449 0.227761767722204 0.289885821703405
1450 0.22806588167774 0.290435182435406
1451 0.227977235043055 0.290359702514175
1452 0.227894676887244 0.290447795010478
1453 0.228039752981998 0.290970447672793
1454 0.227896882785536 0.291255633492266
1455 0.227694474087224 0.29136972291877
1456 0.227968655788574 0.292017529339424
1457 0.228195645933806 0.292638958886562
1458 0.228541691569686 0.293241192358354
1459 0.228420421222875 0.293452229857303
1460 0.228606195412063 0.294028244369985
1461 0.229297356645004 0.294701045820768
1462 0.229643680368158 0.295131703379308
1463 0.229957579062666 0.295670487070032
1464 0.230631204007123 0.29642618479822
1465 0.231261638830281 0.297333415408752
1466 0.231913181761764 0.298370421828434
1467 0.232999918039892 0.299416389339215
1468 0.23369969033815 0.300334225888718
1469 0.234431314628864 0.301352341437067
1470 0.235465032364232 0.302453385279949
1471 0.236086979967286 0.303478347531585
1472 0.237075528576508 0.304958023763953
1473 0.238196690153497 0.306052091978116
1474 0.238828447444403 0.307097290588892
1475 0.2403694358829 0.308553949235845
1476 0.241102585646448 0.309516527481118
1477 0.242219257748575 0.310743485875438
1478 0.243384569538231 0.311853275507657
1479 0.24419005597852 0.312847768156874
1480 0.245758201461215 0.314433597486477
1481 0.246355281789947 0.31552576840426
1482 0.247351995270842 0.316877457852447
1483 0.248353452689864 0.318438560379626
1484 0.249510676010034 0.319757651821913
1485 0.250224491826584 0.320762471652897
1486 0.251302951224731 0.322172918530357
1487 0.252504670548527 0.323247865126329
1488 0.253321895863639 0.324202241001913
1489 0.255070609039622 0.325622680173164
1490 0.255840459403435 0.326564644839501
1491 0.25713015614243 0.327711496107872
1492 0.258339844399968 0.329333128658105
1493 0.259445379126837 0.330680250621653
1494 0.260251055239759 0.332010914835829
1495 0.261496761299366 0.333213021080458
1496 0.262875838632814 0.334894169532153
1497 0.264163016209851 0.336260086937046
1498 0.265055139835611 0.337233683811481
1499 0.266326759686544 0.338707128540909
1500 0.267777301644489 0.339924717622172
1501 0.268612200529611 0.340920618252208
1502 0.270120111145457 0.342259822895764
1503 0.271136611577564 0.34343040559996
1504 0.272660812533842 0.345018215459835
1505 0.273685730959929 0.345795609444336
1506 0.27466032098978 0.346946041703406
1507 0.276201038243461 0.348388402825585
1508 0.277084413281441 0.349623920685813
1509 0.278119097880396 0.35046778265486
1510 0.279738959142248 0.352024837322922
1511 0.280730726824659 0.353038183231482
1512 0.281835717045564 0.353987718884115
1513 0.282786027622247 0.355372671467933
1514 0.283823298233626 0.356327854001367
1515 0.285390243413425 0.357771052406446
1516 0.285990407965171 0.358500208461142
1517 0.287699171659439 0.359861710649843
1518 0.288949960987214 0.360806048573536
1519 0.289974784246298 0.361917458292556
1520 0.291048992860878 0.362922130645869
1521 0.292272118326149 0.364015605133193
1522 0.292853823637945 0.364874806608505
1523 0.294031630073019 0.365900245399201
1524 0.295216755202111 0.366932531468145
1525 0.296275892340107 0.368309276390768
1526 0.297428553392723 0.369473192397121
1527 0.298577652756251 0.370670890194796
1528 0.299142468256022 0.371417619975298
1529 0.300253683971117 0.372517556154758
1530 0.300837704623365 0.37300556421221
1531 0.302105623639283 0.37398305773451
1532 0.302698789516011 0.374697925176965
1533 0.303803272919185 0.375654773369226
1534 0.305037992964742 0.376778640045314
1535 0.305706744811674 0.377109180323082
1536 0.3069643779007 0.378450974352716
1537 0.307590910043036 0.37890469681328
1538 0.308585928927849 0.379984852621945
1539 0.309215416479537 0.380448689812436
1540 0.310395694817714 0.38181889090113
1541 0.310921269387131 0.382549702490693
1542 0.311526984758129 0.383095345310593
1543 0.312680799741339 0.384341384785635
1544 0.31336925408266 0.38494637861591
1545 0.313898556878339 0.385696772732108
1546 0.314977320437214 0.386929337402954
1547 0.315717530111841 0.387440871842069
1548 0.316352089178605 0.387968972908222
1549 0.316970259899436 0.388541581722831
1550 0.318212986176043 0.389929330791306
1551 0.318811546020283 0.390566269479381
1552 0.319416592554751 0.39119439286312
1553 0.320152368936892 0.391769049192822
1554 0.320763876050774 0.39239580959786
1555 0.32140070589104 0.392971228512751
1556 0.322165736535264 0.393742875661985
1557 0.322801663657589 0.394372013411734
1558 0.323097017503318 0.394887246003228
1559 0.323621454877818 0.39553608712917
1560 0.324091872609557 0.396069910684288
1561 0.324576023324705 0.396539377291849
1562 0.32508379032767 0.397034674367713
1563 0.32566921354178 0.397527835676622
1564 0.326148619585942 0.398094875563978
1565 0.326717944969391 0.398633482085255
1566 0.327092338366502 0.399236172741203
1567 0.327672640053817 0.39983437704838
1568 0.328004361016823 0.400294741096967
1569 0.328499110693438 0.400846590191791
1570 0.328992653491742 0.401405020964015
1571 0.32947277832116 0.401996614509946
1572 0.329958939250935 0.402578850580713
1573 0.330489686055364 0.403105932626409
1574 0.331015183737396 0.403611055883678
1575 0.331245023795551 0.404104009517181
1576 0.331903254967061 0.404778821417893
1577 0.33210361343424 0.405095231710711
1578 0.332625179283927 0.40565995025945
1579 0.333137371720303 0.406005208192503
1580 0.333554607941649 0.406350571599005
1581 0.334171393353524 0.406762004802598
1582 0.33466796978409 0.407113702062251
1583 0.335257314998472 0.407799887082726
1584 0.335487272915444 0.408309419914614
1585 0.336006832699116 0.408943451162398
1586 0.336463710876365 0.409468455113821
1587 0.336842328667948 0.40991571554724
1588 0.337068974974642 0.41026909641864
1589 0.337581501279309 0.41068536748422
1590 0.337997759127724 0.411060622401968
1591 0.338622995689726 0.411494955092459
1592 0.339144371721068 0.411904183417307
1593 0.339807389024619 0.412516643499113
1594 0.340358612731516 0.413119683281161
1595 0.340811825801573 0.41372060063904
1596 0.340999302380948 0.414168661297802
1597 0.341507296016831 0.414700106844696
1598 0.341856613841074 0.415065992357043
1599 0.342293080909016 0.415502784859231
1600 0.342723413221575 0.415916529623515
1601 0.343141649073892 0.416357541040021
1602 0.343480000954293 0.416792417107996
1603 0.344105652536347 0.417313674994095
1604 0.344376431657197 0.417642079510434
1605 0.344805874108297 0.418070618506477
1606 0.345110973854162 0.418542316344629
1607 0.345465694527854 0.418954295799643
1608 0.345659264916229 0.419271742485611
1609 0.346088752381713 0.419708316510415
1610 0.346163685562401 0.419977900180753
1611 0.34648310199436 0.420465795872507
1612 0.346703844449911 0.420903323733327
1613 0.347108093540333 0.421435173095246
1614 0.347340038544231 0.421852600903892
1615 0.347690490242524 0.422284843614431
1616 0.347900137281644 0.422538588232321
1617 0.348205303275165 0.422814589972296
1618 0.348418153558432 0.423063587668005
1619 0.348825015518974 0.423352019106974
1620 0.348934762775562 0.4235951311919
1621 0.349196475537674 0.423922128307142
1622 0.349523033817886 0.424410495572348
1623 0.349779182020886 0.424789142357734
1624 0.350121018094826 0.425212027565419
1625 0.350314078926868 0.425505397640887
1626 0.35040991884741 0.42570086454577
1627 0.350729710669555 0.425959435853521
1628 0.350845743307939 0.426193512940996
1629 0.351097622175964 0.426336527030754
1630 0.35123297084402 0.426533899444497
1631 0.351395130083363 0.426851489711975
1632 0.351271964760515 0.427089214600366
1633 0.351532802409003 0.427465385960666
1634 0.351770959939075 0.427924674729438
1635 0.351968104521303 0.428214857041178
1636 0.351955090228174 0.428449820574716
1637 0.352191045033609 0.428666239228512
1638 0.352299286751441 0.428917627619159
1639 0.35250793166968 0.42918735995925
1640 0.352329223718191 0.429241718339278
1641 0.352653976136264 0.42953857412159
1642 0.352781797829072 0.429753362339606
1643 0.35301420244929 0.429940823252494
1644 0.353057527823268 0.430029881926973
1645 0.353340343475007 0.430122384165954
1646 0.353466204466481 0.430093362268254
1647 0.353664372843162 0.430060210151343
1648 0.353564511649262 0.430001024100137
1649 0.353900436559294 0.430243220206383
1650 0.353830108992141 0.430299526983246
1651 0.353642389386322 0.43011939829297
1652 0.353571081089397 0.430216306664924
1653 0.353664648553175 0.43021030856229
1654 0.353220881803381 0.430058450825979
1655 0.353153393878325 0.430109696090984
1656 0.352897289384804 0.430138267914721
1657 0.3528632279582 0.430126049018654
1658 0.352346201158183 0.4298692854332
1659 0.352104037450764 0.429796401033653
1660 0.351860921064243 0.429764336307068
1661 0.351648157583174 0.429598224055597
1662 0.3513358633542 0.42949042166454
1663 0.351040214398688 0.429275264020977
1664 0.350696424676421 0.429191587835183
1665 0.350504215851172 0.428989198176145
1666 0.350030882556364 0.428662805336634
1667 0.349861498350026 0.428418327234127
1668 0.349417291969492 0.428039881213481
1669 0.349151880278597 0.427773760523468
1670 0.349138028341742 0.427800441968058
1671 0.350134213341164 0.428558301033586
1672 0.349572860285201 0.428403396142022
1673 0.34931650832696 0.428365326792906
1674 0.348865717221204 0.428248219958978
1675 0.348435046156149 0.428094501488454
1676 0.347896232236142 0.427906130504586
1677 0.34764241371212 0.427660648074814
1678 0.347291505826578 0.427358835587255
1679 0.346928679294752 0.427043820829469
1680 0.346429234491609 0.42678889051373
1681 0.346091348120219 0.426467405670015
1682 0.345462613074562 0.426019245736076
1683 0.345097299579791 0.425717856402852
1684 0.344764278552147 0.425392978422092
1685 0.344297393064942 0.424844682667848
1686 0.343875237600701 0.424455060187246
1687 0.343471812853958 0.423993418203185
1688 0.342873915671633 0.423544321191004
1689 0.342519951629321 0.423195876611294
1690 0.341980218004091 0.422844220349742
1691 0.341721219453854 0.422591963016275
1692 0.341319054586235 0.422215229280378
1693 0.341020645553599 0.421801627795293
1694 0.340455435948529 0.421269852979556
1695 0.34014056148663 0.420930432787927
1696 0.339683807201689 0.420467793868146
1697 0.339322119689917 0.419984227240245
1698 0.338912575305154 0.419598752941826
1699 0.338316650410632 0.419183236709358
1700 0.337779379079877 0.418857549201902
1701 0.337344439528413 0.418569384969974
1702 0.336759172509926 0.41818185731269
1703 0.336357225617093 0.417795529394842
1704 0.336018682157989 0.417596926588163
1705 0.335621952054942 0.417241345544867
1706 0.335189651979649 0.416997465518005
1707 0.334829179214363 0.416572590030004
1708 0.334281490801914 0.416091216296656
1709 0.334121873398862 0.415737896191386
1710 0.333773441307685 0.415368238173337
1711 0.333290736966221 0.415000499078025
1712 0.332806460077638 0.414639225379769
1713 0.332514731317053 0.414323775373192
1714 0.3320480763454 0.413931443480301
1715 0.331792689468473 0.413782005944566
1716 0.33138384482811 0.413512372375124
1717 0.33119249046132 0.413232628427374
1718 0.330754476166551 0.412863254222438
1719 0.330465671140744 0.412550608901299
1720 0.329989791942872 0.412264654449274
1721 0.329682058644138 0.412031403753326
1722 0.329351146287968 0.411847801614608
1723 0.329066249537063 0.411606252363969
1724 0.328867661026457 0.411385202437977
1725 0.328630534721458 0.411045767855591
1726 0.328323649321576 0.410653868282089
1727 0.328355356094522 0.410387759708819
1728 0.328266837929013 0.410247436768208
1729 0.328177360538132 0.41007262156998
1730 0.327983241584713 0.409881696682034
1731 0.328074306393318 0.409999749628951
1732 0.327989151994905 0.410088969133567
1733 0.328027548412308 0.410081511637131
1734 0.327916747398733 0.41002510894793
1735 0.327904457605035 0.409961238749063
1736 0.328134014905703 0.410024391826503
1737 0.328096675694129 0.410049723504491
1738 0.327965040546797 0.410037034749071
1739 0.327865319685404 0.409884224412965
1740 0.327694778818326 0.40995373220876
1741 0.327571108011689 0.409924856263012
1742 0.327482972930831 0.409784843665748
1743 0.327456249739362 0.409479037798498
1744 0.327246992704639 0.409195935758515
1745 0.326950923125231 0.408824557756763
1746 0.326742796537083 0.408467660819759
1747 0.326671671554002 0.408130055347879
1748 0.326414986489711 0.407677879098453
1749 0.326150877174998 0.407242605457256
1750 0.325944426806655 0.406921488676033
1751 0.325570971577386 0.406522538760555
1752 0.325114040918009 0.406105300928256
1753 0.324890823398296 0.405624589915364
1754 0.324852256709592 0.405109754837736
1755 0.324678085259735 0.404560821316614
1756 0.324323262462291 0.404166292229683
1757 0.32393380850387 0.403848655014466
1758 0.323610837123884 0.403588361872623
1759 0.323408211909715 0.403503166522814
1760 0.322993812180712 0.403281290203332
1761 0.322810336447421 0.403192613545067
1762 0.322716475656764 0.402873466987626
1763 0.322741704906385 0.402530614559575
1764 0.32257560590676 0.401934497003691
1765 0.322557171795429 0.401487150954966
1766 0.322596261314667 0.401112810978322
1767 0.322695146471043 0.401042690242947
1768 0.322420691693871 0.401155138433033
1769 0.322140399691151 0.401516087972304
1770 0.321857112475681 0.402081408985048
1771 0.321806740761334 0.402768800353377
1772 0.321898785776598 0.403343775786334
1773 0.321581854740426 0.4035465141892
1774 0.321612412058302 0.403588949895079
1775 0.321722407029274 0.403495639572522
1776 0.321862157004839 0.403103906251725
1777 0.322372736071545 0.402771303532021
1778 0.32272068404149 0.402359037593045
1779 0.322862210008419 0.40192470640851
1780 0.322992653956043 0.401749817275135
1781 0.322866045514255 0.401863320797896
1782 0.322689587089476 0.402357357861767
1783 0.322199889803558 0.402826578582197
1784 0.321766681976611 0.403370650367106
1785 0.321206032453644 0.403759410568365
1786 0.32086510061078 0.403870514329165
1787 0.320718127613689 0.403831408093912
1788 0.320955969491602 0.403621620568734
1789 0.321180826461668 0.403206751421139
1790 0.321318740845927 0.402746307423175
1791 0.321674891919772 0.402439821064652
1792 0.321714112914312 0.402120088727906
1793 0.3217888352433 0.402228113367183
1794 0.321803337183183 0.402467282108975
1795 0.321761601361109 0.402594371623729
1796 0.321676037138369 0.402780335017838
1797 0.321757921037539 0.403070521422255
1798 0.322031909558038 0.403376157172342
1799 0.322193847213323 0.403457267626161
1800 0.322229212274763 0.40338065971539
1801 0.32255439795426 0.403577491032844
1802 0.322655233145492 0.403557368007398
1803 0.322936120925539 0.403580680698353
1804 0.323101063734556 0.403458518761339
1805 0.323436093433345 0.403402187218767
1806 0.32356827252702 0.403351364835716
1807 0.323738602402458 0.403417207066151
1808 0.323533073110667 0.403427617922924
1809 0.32345106304955 0.403641659768923
1810 0.323389067049542 0.403812228707075
1811 0.323302692056256 0.404071757240756
1812 0.323204124059955 0.404086169142807
1813 0.323306229195734 0.404100536207776
1814 0.323464999019257 0.404029075775703
1815 0.323826022837081 0.403918555717364
1816 0.323817755387305 0.403538190389836
1817 0.324066648903792 0.403271610401591
1818 0.324204223231244 0.403046550642993
1819 0.324270424338234 0.402939553410099
1820 0.324491869818709 0.403169015967147
1821 0.324370810557257 0.403231561480039
1822 0.324261634789001 0.403504723712691
1823 0.324275961144601 0.40370990358238
1824 0.324119440857195 0.403848942819115
1825 0.324257140645525 0.404059774005506
1826 0.32422796805975 0.404159326719449
1827 0.324122711213131 0.404223861977079
1828 0.32380254412581 0.40408239523511
1829 0.32383747591648 0.404079957290956
1830 0.323792467558781 0.40408770756922
1831 0.323643162227374 0.404012437783081
1832 0.323144764531416 0.403970348341867
1833 0.323033202046535 0.403887458011231
1834 0.322873815275067 0.403709870294512
1835 0.322636440309581 0.403503308520605
1836 0.322698536529192 0.40331601932438
1837 0.322634565689634 0.403005123822581
1838 0.322304467894427 0.402604455107549
1839 0.322140096400627 0.402314136659778
1840 0.321901741508257 0.402221863598428
1841 0.321200343780432 0.40196857274009
1842 0.32056744927402 0.401841504315633
1843 0.31978304175114 0.401620209648069
1844 0.318840518674906 0.40103957006893
1845 0.318360663749607 0.400826670499762
1846 0.317889650621591 0.400365890146504
1847 0.317430051399678 0.399652098675743
1848 0.31627577335079 0.398525293669885
1849 0.315686452453227 0.397881593384315
1850 0.314557096547213 0.396731607638074
1851 0.313634952893741 0.395367307925127
1852 0.311815191001892 0.393878215641739
1853 0.310769050414351 0.392382442758836
1854 0.30990319247203 0.390950761092071
1855 0.308606037349789 0.388596833102715
1856 0.30725696920973 0.386167143806519
1857 0.305860387533662 0.383884171625592
1858 0.304316653271988 0.381761071080158
1859 0.302881394382081 0.379649461699621
1860 0.300134772747901 0.376704843184515
1861 0.298636812996217 0.374635679638185
1862 0.294468306766573 0.371435768948691
1863 0.291810482586563 0.368242794967493
1864 0.288883267106735 0.364673609887658
1865 0.286632899950265 0.361377652727226
1866 0.283226341762548 0.357313813775282
1867 0.280835474834773 0.353476908848875
1868 0.277292819057429 0.349025003103494
1869 0.274868647163887 0.345072320247238
1870 0.268583761720526 0.340264520703612
1871 0.264369198165282 0.335152776151334
1872 0.260289012390709 0.330063800734807
1873 0.255362438708281 0.324456169715691
1874 0.251085922868753 0.318957171682956
1875 0.245499624774665 0.312780720329349
1876 0.240594227949246 0.306304771735899
1877 0.231560253927714 0.299652771272633
1878 0.225377945698505 0.292842996491417
1879 0.219352181992062 0.285458987626238
1880 0.213557114131666 0.278392351050757
1881 0.206649969251737 0.270929063030906
1882 0.200575615804084 0.262918990990893
1883 0.190241677924741 0.25480224069128
1884 0.183438851116824 0.24683915678862
1885 0.177021128927511 0.238881951666852
1886 0.170717378405028 0.2309826756253
1887 0.163924958757865 0.222802645099279
1888 0.155102619258431 0.214485799959004
1889 0.148640793559723 0.206429031074729
1890 0.143059340931027 0.198763011024315
1891 0.137664957455261 0.191225186208115
1892 0.132180472632784 0.183777559362531
1893 0.125161429275877 0.176173567411614
1894 0.1204797328176 0.169316360547754
1895 0.116433259823073 0.162722859608667
1896 0.112738190163377 0.15657493654636
1897 0.109677991422674 0.150828492502589
1898 0.104425293141737 0.144663854319744
1899 0.101785550081164 0.13969448488682
1900 0.0992603456142978 0.135309630138476
1901 0.0965091745853887 0.131048292551992
1902 0.0934703567893318 0.127418408396441
1903 0.090758520677092 0.123377404906151
1904 0.089022902877995 0.120597983270817
1905 0.0873378721471669 0.117909920294893
1906 0.0854937382361613 0.115829892083597
1907 0.0838742977286505 0.113342244362364
1908 0.0822910498141574 0.110989755069913
1909 0.0814970631999977 0.109607271371823
1910 0.0799080897509701 0.107570567373345
1911 0.0791352266265075 0.106344165119596
1912 0.0777221709359582 0.104110855976277
1913 0.0770458632611869 0.102882337045118
1914 0.0762943832190785 0.101837293323214
1915 0.0756691139066352 0.100605460525639
1916 0.0750057053506313 0.0995259205798617
1917 0.0749413708225884 0.099476926101917
1918 0.073580209624889 0.0977423243072754
1919 0.0734702769273813 0.0978234337273794
1920 0.0727069515217175 0.097011971769843
1921 0.0725134732987498 0.0972491208743038
1922 0.0717602999038756 0.0965494271918344
1923 0.0715644195951048 0.0967416950798626
1924 0.0713741466716789 0.0970245429850158
1925 0.0712451680857843 0.0972010992023307
1926 0.0705070107693419 0.0964971811053223
1927 0.0703782831173688 0.0966734319499876
1928 0.0702372568042038 0.0968513115115644
1929 0.0707203328874835 0.0978785779664062
1930 0.070629088491842 0.09805159320424
1931 0.0705509486607487 0.0981962699953454
1932 0.0704176036733656 0.0984360107829099
1933 0.0702539640333059 0.0986909639877766
1934 0.0707061599930186 0.0998467357685855
1935 0.0705606711696286 0.1001690763974
1936 0.0710323938597893 0.101396629062196
1937 0.0715472225658525 0.102534155288502
1938 0.0714100833469421 0.102789632261133
1939 0.0718839333432296 0.104055718099622
1940 0.0717722861668608 0.104339449557399
1941 0.0721984219625669 0.105754948983792
1942 0.0726012148547514 0.10726431207631
1943 0.0730612438381164 0.108679745293045
1944 0.0735166600168232 0.110206981939927
1945 0.0733543366007826 0.110595257383669
1946 0.0739311095424177 0.111845690488488
1947 0.0745519861255954 0.113122251564378
1948 0.0751056472016012 0.114475777509449
1949 0.0758041715326582 0.115577174160277
1950 0.0763526115713581 0.116990372094206
1951 0.0770426624608956 0.118192015360287
1952 0.0775894879519313 0.119797407293244
1953 0.0781663063615783 0.121338942254788
1954 0.0788524754902362 0.122645962315767
1955 0.079494819767585 0.124110508624685
1956 0.0800871085055778 0.125752746755233
1957 0.0808194126365525 0.127076808398453
1958 0.0814246080626523 0.128783929610011
1959 0.0821274998017311 0.13028277090986
1960 0.0827600503266451 0.131939806301361
1961 0.083360202088103 0.133776967574777
1962 0.0850151966888877 0.136286501206201
1963 0.0848884462036517 0.136676354544401
1964 0.0866569501788163 0.139160328007308
1965 0.0874828493991213 0.140686308116214
1966 0.0874630860671786 0.140876686204609
1967 0.0890213092961269 0.143046691076082
1968 0.0898671545747421 0.144528531656396
1969 0.0910160489225303 0.146114685007245
1970 0.0916940348946006 0.147615769364756
1971 0.0931650046610009 0.149215946447563
1972 0.0938042624019017 0.150790711921462
1973 0.0943033606658733 0.152430066324463
1974 0.0956602940458956 0.154322974151618
1975 0.0963755533440169 0.156227843246342
1976 0.0974569727012849 0.158144364806055
1977 0.0981317230273665 0.159937149641225
1978 0.099580628277345 0.161872304447696
1979 0.100333301539234 0.163501561191105
1980 0.101610199765797 0.165037340326184
1981 0.102470233410099 0.166636064224311
1982 0.103169284992116 0.168202465278767
1983 0.104634849944564 0.169903604412792
1984 0.105415448596744 0.171735529690397
1985 0.106741979929929 0.173634423232758
1986 0.107403576804325 0.175346986837355
1987 0.108726340505943 0.17722670022003
1988 0.109449696219769 0.178855441465709
1989 0.110761645843482 0.180427382908385
1990 0.111717615643229 0.182020944511422
1991 0.112876100520815 0.183423833061989
1992 0.113685106375749 0.184923937091525
1993 0.115016120065662 0.18665880716823
1994 0.115808985046858 0.18831530911681
1995 0.116962184234938 0.190062630862533
1996 0.117669278895709 0.191940872470838
1997 0.118898269044753 0.193733626176516
1998 0.119540676486363 0.195500937128293
1999 0.120801498556841 0.197174111660314
2000 0.12157158610558 0.198979978227813
2001 0.122099928123071 0.200409799926087
2002 0.123396029141095 0.202153939517126
2003 0.124751895413173 0.203791868435002
2004 0.125430517723215 0.205473077530344
2005 0.126611965192845 0.206927812937392
2006 0.127351594260283 0.208499154207199
2007 0.12853592787613 0.209970432941727
2008 0.129151737211494 0.211205926196399
2009 0.130457088154781 0.212570430270816
2010 0.131043080100745 0.213788790189758
2011 0.132126678078252 0.215036453782183
2012 0.132704407082332 0.216423354356529
2013 0.13398944322458 0.217968143283552
2014 0.134560636042045 0.219348350437574
2015 0.135607382600941 0.220613741358562
2016 0.136161895734201 0.221824769847295
2017 0.137254162752981 0.223022588530808
2018 0.13764221153733 0.22401719631392
2019 0.138679446492437 0.225080591904064
2020 0.139279481921204 0.226050569854727
2021 0.140168687069358 0.22683918185727
2022 0.141253930073326 0.228044969652115
2023 0.141536498239262 0.229069085140733
2024 0.142382395725183 0.229974207693626
2025 0.142798931690696 0.230794704738
2026 0.143855044034999 0.231718577558419
2027 0.143993008395548 0.232209491534704
2028 0.14487805701029 0.23297369662741
2029 0.145752091422941 0.233798590668629
2030 0.146040710410241 0.234682768339242
2031 0.146459606236861 0.235614005289062
2032 0.146690639303939 0.236692383930382
2033 0.147392307926389 0.237923147472275
2034 0.147381431559575 0.238808739124575
2035 0.14810363571865 0.23990166872063
2036 0.148684361112636 0.240586127620335
2037 0.148918588022135 0.241281059041093
2038 0.149609580168189 0.241641943667729
2039 0.149818332000828 0.242323390808833
2040 0.150410123357659 0.243012860439916
2041 0.150933569903649 0.243717621112849
2042 0.150924965594084 0.244411640568855
2043 0.151491510400967 0.244996457782218
2044 0.151610221670887 0.245404398911146
2045 0.152073326068197 0.245428146793865
2046 0.152763771831131 0.24564940725429
2047 0.152964588389181 0.245809640751723
2048 0.153697942576922 0.246126581173603
2049 0.153912345281609 0.246357477593379
2050 0.154357535949049 0.246459359599985
2051 0.1547979720592 0.246905920453167
2052 0.15479698992783 0.247489705682646
2053 0.155168297954833 0.248268946339935
2054 0.155826214652539 0.249197573421426
2055 0.155774817006706 0.249564985395256
2056 0.156506824622007 0.250171976325713
2057 0.156500181525092 0.250511548875682
2058 0.157317732842231 0.251424816592754
2059 0.157880856263028 0.252098012467382
2060 0.158125616403376 0.252330061091481
2061 0.158742639429356 0.253076246986471
2062 0.159361275182017 0.253831157748527
2063 0.159845608443578 0.254399845821486
2064 0.160279557183462 0.254906067426937
2065 0.161032198403005 0.25585017292396
2066 0.16146886393285 0.256366267593647
2067 0.161958566894438 0.256954625283994
2068 0.162694605392123 0.257880186444687
2069 0.162994288951845 0.258214155167151
2070 0.163566868056597 0.258921578191244
2071 0.164309666241036 0.259868664380136
2072 0.164611701944531 0.260212138900568
2073 0.16519048961973 0.260933318611675
2074 0.165915313639658 0.261860592721661
2075 0.166353154940672 0.262395559852126
2076 0.166938807194421 0.263131312002294
2077 0.16747166566027 0.263802179011319
2078 0.167830580180855 0.26424366332638
2079 0.168421807410413 0.264992666214238
2080 0.168932281439617 0.265639049601202
2081 0.169211708418995 0.265979215995184
2082 0.16983378718485 0.266783755668914
2083 0.170403828186412 0.26751698370138
2084 0.170714402483187 0.267898326267676
2085 0.171051781935575 0.268323545002858
2086 0.171597929037572 0.269030780690999
2087 0.172200890693251 0.269822007658934
2088 0.172540663043615 0.270257234691789
2089 0.172881390593925 0.270693503538117
2090 0.173460659939302 0.271459116136769
2091 0.173803986617644 0.271898242135384
2092 0.174144674183136 0.272349386910514
2093 0.174758697194437 0.273160375756708
2094 0.175102082030417 0.273614544443187
2095 0.175417615364435 0.274031040397709
2096 0.175947602805329 0.274743553340891
2097 0.176321570960294 0.275246027660618
2098 0.176696690260779 0.275749811124854
2099 0.177043754430723 0.276215705489387
2100 0.177389974430665 0.276688251593075
2101 0.177956202021205 0.277455599382511
2102 0.178144301960348 0.277715744420604
2103 0.17880104462865 0.278611676732703
2104 0.179209867822201 0.27917513045713
2105 0.179679723485338 0.279820008426232
2106 0.179807018439482 0.280014445973031
2107 0.180217349744968 0.280587416204789
2108 0.180598985480546 0.281121817020671
2109 0.180981806293025 0.281657620471618
2110 0.181426332350317 0.282275648820687
2111 0.181583892013238 0.282518412390802
2112 0.181967905934313 0.283063470438479
2113 0.18244274212687 0.28373765535285
2114 0.182662734461481 0.284063600095126
2115 0.183048225199727 0.284618331294403
2116 0.183558004094443 0.285338567057252
2117 0.183714531823714 0.285596061276534
2118 0.184196104772984 0.286278418062439
2119 0.184384435234218 0.28657826013398
2120 0.184835590757599 0.287228024872837
2121 0.185350820300179 0.287962859702643
2122 0.185539000109552 0.288270645338338
2123 0.18599242064433 0.288931225097018
2124 0.186214939714901 0.28927645357804
2125 0.18663733107334 0.289903835676722
2126 0.186890680416791 0.290298252779339
2127 0.187110937795195 0.290656959972173
2128 0.18753829865716 0.291282543961897
2129 0.187727873251209 0.291600522399294
2130 0.187949610875147 0.291961251696602
2131 0.188471920733441 0.292729341374296
2132 0.188598814203621 0.292964209031258
2133 0.188852241359704 0.293375380274312
2134 0.188977561850007 0.293616582159901
2135 0.18937512935461 0.294219110107823
2136 0.189630122606026 0.294632470489941
2137 0.189786593455511 0.294923533294569
2138 0.18994523006402 0.295209182910367
2139 0.19006966935637 0.295457894689946
2140 0.190259144665493 0.295792954684901
2141 0.190448903589215 0.296128462930084
2142 0.190638946644228 0.296464420173035
2143 0.190809394886238 0.296858479453966
2144 0.190967321852193 0.297152062127593
2145 0.191190843471598 0.29753273251952
2146 0.191447527131631 0.297957454078941
2147 0.191606247086314 0.298252311245322
2148 0.191810836950605 0.298692570077457
2149 0.191725055366465 0.298663292228019
2150 0.192015740585986 0.299133531842342
2151 0.192307085864868 0.299604693351242
2152 0.192499912243838 0.29994524009864
2153 0.192739015468045 0.300432182087809
2154 0.192932489475057 0.300773816338339
2155 0.1929785530946 0.300919997090813
2156 0.19333861307483 0.301482736100902
2157 0.193466372356034 0.301737438595432
2158 0.193707256035457 0.30222765852712
2159 0.193969029873682 0.302660327583251
2160 0.193948577674231 0.302718758285835
2161 0.194177350547763 0.303107821262288
2162 0.194223834117329 0.3032551725104
2163 0.194466098425268 0.303748125717398
2164 0.194830348076058 0.304317198572593
2165 0.194843386486274 0.304420499426997
2166 0.195174945079376 0.304946349878378
2167 0.195255533860538 0.305139409522749
2168 0.195635112420899 0.305815419668841
2169 0.195648211823626 0.305919194114824
2170 0.196015792947984 0.30649319317795
2171 0.196096888560703 0.306687319018554
2172 0.196410744616105 0.307276937403056
2173 0.196526172047307 0.307516823085732
2174 0.196943642697501 0.308244322005784
2175 0.197025293337891 0.308439650370493
2176 0.197431099018232 0.309064911988829
2177 0.197581791894872 0.309351960555647
2178 0.197745921149793 0.30974429164019
2179 0.198188488729913 0.310418567424361
2180 0.198667185737167 0.311140683921923
2181 0.198819288780713 0.311429997917384
2182 0.199265437077542 0.31210900565804
2183 0.199453087136659 0.312445571951237
2184 0.199640999928903 0.312782564106869
2185 0.200124937819074 0.313511709265692
2186 0.20027871265541 0.313803638083955
2187 0.200729752968135 0.314489242554832
2188 0.201003592796427 0.315028873880548
2189 0.201421689932453 0.315671013606648
2190 0.201612377755172 0.31601219955508
2191 0.201838818605634 0.316400780662286
2192 0.202030093644378 0.316742899476438
2193 0.202306566875455 0.317286997302095
2194 0.202462836849457 0.317583031705121
2195 0.202583590632484 0.317832142398517
2196 0.2028116535956 0.318223350956998
2197 0.203040098849358 0.318615139621843
2198 0.203514301170786 0.319421845085859
2199 0.203600017567876 0.319625013248305
2200 0.203793769436061 0.319971208439235
2201 0.20398779460752 0.320317844877028
2202 0.204182093555405 0.32066492326354
2203 0.204354379481851 0.32107311560082
2204 0.204512982301597 0.32137320900538
2205 0.204671765565085 0.321673622706031
2206 0.204867023402695 0.322022382886425
2207 0.205003776088052 0.322384337754905
2208 0.205199496896779 0.322733963127916
2209 0.20530011556844 0.323048537494991
2210 0.205459781399959 0.323350690794088
2211 0.205656138770303 0.323701496048744
2212 0.205816211531054 0.324004352641263
2213 0.205953802866484 0.324368639412887
2214 0.206004330138026 0.324526698567127
2215 0.20616478731951 0.324830392844342
2216 0.206215376018763 0.324988680566807
2217 0.206376069005412 0.325292852105514
2218 0.206020676479505 0.325004868562534
2219 0.206071158703243 0.325163221776519
2220 0.206158308098241 0.325370243561216
2221 0.206172148150283 0.325480157260451
2222 0.206112646818201 0.325492874747611
2223 0.206030291067266 0.325566968288591
2224 0.206007418868791 0.325628341647065
2225 0.205911294072894 0.325592532348074
2226 0.205433397372542 0.325049781922851
2227 0.205264682863106 0.324917376514751
2228 0.20503689755783 0.324798115939893
2229 0.204759560194992 0.324521092578079
2230 0.204104403230198 0.323741057438548
2231 0.2037927115357 0.323417667550397
2232 0.203373709997994 0.322951047145976
2233 0.202933204692482 0.322546873487763
2234 0.202516615270691 0.322082607063473
2235 0.20165804978889 0.321027598992278
2236 0.20110344386567 0.320377647029625
2237 0.200550974553082 0.319729893812707
2238 0.199716795619728 0.318795223416934
2239 0.199064927892266 0.318012486419424
2240 0.198122940948721 0.316839400256599
2241 0.197409437922031 0.31597169495656
2242 0.196375849806521 0.314672261004382
2243 0.195581096144299 0.313782905288475
2244 0.194493476505932 0.31240665284574
2245 0.193697626245258 0.311422288323842
2246 0.192558268996697 0.309971990629134
2247 0.19174051315021 0.308954795071221
2248 0.1905958210643 0.307582240884041
2249 0.189724587628901 0.306488924016243
2250 0.188682722951667 0.30516193041686
2251 0.187648937010102 0.303843711824531
2252 0.186860375006391 0.302857741690521
2253 0.185745803254789 0.301425220878653
2254 0.184640612372292 0.300002951700203
2255 0.183745244710264 0.298865547020277
2256 0.182749404998403 0.29758857584654
2257 0.181928255315857 0.296549377629681
2258 0.180955938551553 0.295388319369379
2259 0.179920796235156 0.294050880160705
2260 0.17917740097363 0.293113505541936
2261 0.178186303655051 0.291832759073542
2262 0.177291602863103 0.290683118961271
2263 0.176315110064851 0.28941834059053
2264 0.175462689221537 0.288323451880484
2265 0.174558138729413 0.287154438551294
2266 0.173960649268478 0.286410437236363
2267 0.173095478457408 0.285292949331562
2268 0.172216305242388 0.284239927858211
2269 0.171334967709266 0.283096021054772
2270 0.170487905254656 0.281998129767031
2271 0.169993212009505 0.281391634463981
2272 0.169349282705514 0.280575421545083
2273 0.168606289788142 0.279704290409763
2274 0.1677381743696 0.278570705203934
2275 0.16713321154311 0.277805328187791
2276 0.16642297771617 0.276890740258289
2277 0.166025274290707 0.276415251850432
2278 0.165509319539133 0.275772519403707
2279 0.16494210515856 0.275056651679579
2280 0.1644573647064 0.274456406854446
2281 0.163842133743895 0.273670898058245
2282 0.16315109780761 0.272776967487016
2283 0.16264734852218 0.272147236789459
2284 0.161963247067846 0.271260813588989
2285 0.161334913270836 0.27045231642298
2286 0.160518148909417 0.269374607934436
2287 0.15994870891304 0.268647414880863
2288 0.15909721802587 0.26760024663325
2289 0.158408320645235 0.266699939869275
2290 0.157748631997636 0.265840034145367
2291 0.157292565674454 0.265270387545663
2292 0.156479029685465 0.264187732398681
2293 0.156003246397881 0.263587984341732
2294 0.155455612596999 0.26288429855923
2295 0.154984055696976 0.262289064591613
2296 0.154259869636807 0.261329449219175
2297 0.153672164699474 0.260565014531775
2298 0.153028557751901 0.259718823079802
2299 0.152519094273591 0.259065159406215
2300 0.152059626991106 0.258482941411217
2301 0.151554539496865 0.257833978628613
2302 0.150828650849844 0.25686418200821
2303 0.150428188992325 0.256446485577532
2304 0.149873125340534 0.255722101613005
2305 0.149564165295742 0.255354521328204
2306 0.149013417656358 0.254634781330605
2307 0.14875308014894 0.254337024043305
2308 0.148413736984181 0.253923866174351
2309 0.148223815627527 0.253728165604696
2310 0.147863107291544 0.25328312702923
2311 0.147811618687866 0.253289071043998
2312 0.147566578463219 0.253012376661225
2313 0.147515183154697 0.253018387350478
2314 0.147055284369163 0.252427219468119
2315 0.14709518376361 0.25256660677621
2316 0.146806174462749 0.2522248017885
2317 0.146540576366901 0.251916949405359
2318 0.146512194601223 0.251956378693051
2319 0.146360374134106 0.251814940703866
2320 0.146241516918463 0.251721729320475
2321 0.145886999944323 0.251282727007847
2322 0.145456167136084 0.250731160292837
2323 0.14537876811875 0.250617473231531
2324 0.145027043301534 0.250181423682138
2325 0.144698728719424 0.24977933677766
2326 0.144415834005641 0.249443695812735
2327 0.14427671918714 0.24931952973569
2328 0.14364940615513 0.248395027488062
2329 0.143237316234028 0.247867565032913
2330 0.142989988166675 0.247582824794401
2331 0.142558579330726 0.24702573739277
2332 0.142085446694249 0.246406203319957
2333 0.141632311180967 0.245735361519559
2334 0.141216133454583 0.245198727428303
2335 0.140451376178947 0.244144014975401
2336 0.140146418585743 0.243770823916055
2337 0.139744293874545 0.243173077509055
2338 0.139283799003034 0.242567543599298
2339 0.138800938464544 0.241848452518182
2340 0.138146999014269 0.240952778859884
2341 0.13775607042262 0.240448439384378
2342 0.137280547476996 0.239737985033391
2343 0.136934215618131 0.239299078707319
2344 0.136565402551206 0.23874714797888
2345 0.136241994159378 0.23834160746694
2346 0.135706310162335 0.237617249379897
2347 0.135405924853123 0.237245104019807
2348 0.135146947473892 0.236934765824615
2349 0.134969527150401 0.236746714875609
2350 0.1346107403535 0.236285696187562
2351 0.13405452949531 0.23552678795416
2352 0.134068263408225 0.235625850491284
2353 0.133760940384684 0.235162688139115
2354 0.133386502396671 0.234676208629717
2355 0.133212031273342 0.234491087569937
2356 0.133037838994456 0.234306230396738
2357 0.132510011193066 0.233586540736362
2358 0.132356692884037 0.233432663459512
2359 0.132361117101737 0.233517446309643
2360 0.132089987724512 0.233185018128891
2361 0.131858782324095 0.232912754724232
2362 0.131153012177631 0.231920132154125
2363 0.131021083055244 0.231797655229103
2364 0.130908718745494 0.23170481177716
2365 0.130718919756319 0.231494180622576
2366 0.130241758479673 0.230846084547929
2367 0.129880176291131 0.230373141961669
2368 0.129596488385096 0.230018387073082
2369 0.129190542031784 0.2294766618858
2370 0.128984899829802 0.229240190073208
2371 0.128402624919155 0.228427690478392
2372 0.128142017284366 0.228106288278665
2373 0.127740327353485 0.227491226289023
2374 0.127556421866091 0.227286597118384
2375 0.126825607903147 0.226242552959358
2376 0.126856088767144 0.226366340963992
2377 0.126424487666585 0.225780168859944
2378 0.126011729419666 0.225145359844573
2379 0.125831024712222 0.224944008232635
2380 0.125150014051588 0.223971368214901
2381 0.124825265403101 0.223546899217865
2382 0.124384795576433 0.22294311633762
2383 0.124205781106007 0.22266644093689
2384 0.123482875539423 0.221624209509542
2385 0.123181733211032 0.221233792891155
2386 0.122820159126574 0.220749163024998
2387 0.122592079513922 0.220471182416582
2388 0.121810410822723 0.219256558886201
2389 0.121479622876239 0.218817560675087
2390 0.121037495305385 0.218204502297002
2391 0.1207268463858 0.217795644263062
2392 0.119961509904276 0.216600743468588
2393 0.119475437876816 0.215915875860478
2394 0.119186545968877 0.215463712369156
2395 0.11878961565849 0.21491686807394
2396 0.118058590047523 0.213844782712419
2397 0.117824793709035 0.213477537071375
2398 0.117383798402782 0.21285879310193
2399 0.117118520946928 0.212441344750191
2400 0.116318933118896 0.211255720305032
2401 0.115869111380185 0.210619878951499
2402 0.115388779635524 0.209860823810102
2403 0.11504858282498 0.209396530964511
2404 0.11423592614478 0.208109031714234
2405 0.113732982105737 0.207384380956306
2406 0.113319703272322 0.206801043514017
2407 0.112532557236108 0.205548266660042
2408 0.112125178446796 0.204971906872251
2409 0.111728603401066 0.204339062788273
2410 0.11134922174232 0.203805791520056
2411 0.110679871657941 0.20280753991498
2412 0.110076031363689 0.201839822838947
2413 0.109582551066519 0.201120056075639
2414 0.108650760142105 0.199621686079432
2415 0.108307089445557 0.199139914013194
2416 0.107698909333724 0.198230519176547
2417 0.107161667947651 0.197362486559723
2418 0.106344815198953 0.196111503261273
2419 0.105788005954795 0.195208448529588
2420 0.105248619130974 0.194403179767605
2421 0.104353359371408 0.192946011281678
2422 0.103676809029681 0.191912770313323
2423 0.103167272510339 0.191080153177954
2424 0.102659927249041 0.190319908742451
2425 0.101638323194595 0.188644333984246
2426 0.101201723672559 0.187996251367058
2427 0.100554545114582 0.186930789841714
2428 0.0996594969447217 0.185522972153038
2429 0.0991376030397002 0.184659968066055
2430 0.0984284619749606 0.183553767053823
2431 0.0975554280476153 0.182103919768157
2432 0.0969443875248017 0.181154957437264
2433 0.0963659819303619 0.180190403700344
2434 0.0958533389670305 0.179401756779522
2435 0.0948130689409208 0.177659728020687
2436 0.0942569104175328 0.176793200189334
2437 0.0937130031886714 0.175878425438132
2438 0.0928231062033102 0.174444989113953
2439 0.0921778734861285 0.173354539575228
2440 0.0916245002426791 0.172483711707811
2441 0.0907295055365867 0.170964466085013
2442 0.0901828692211092 0.170100036678111
2443 0.0896371784626223 0.169169729902418
2444 0.0885466938980035 0.16737069301827
2445 0.0878919708858225 0.166248016599339
2446 0.0872501682642623 0.16514510129928
2447 0.0862792116680632 0.163471979396716
2448 0.0857310597490697 0.162588942403378
2449 0.0850900902293173 0.161479033967759
2450 0.0842053937049355 0.159942990418354
2451 0.0836013604232012 0.158891480021798
2452 0.0830308826662885 0.157959252655858
2453 0.08194898495765 0.156065833117562
2454 0.0813941441685671 0.155154240073446
2455 0.080941958873075 0.154358841768219
2456 0.0799960394818274 0.152690605587107
2457 0.0794731066650805 0.151765792517786
2458 0.0789415623798696 0.150885247771528
2459 0.0780287269013921 0.14926274999141
2460 0.0775240339943653 0.148363211713016
2461 0.0770240210905113 0.147470247535985
2462 0.0762338831068196 0.146055522918214
2463 0.075822893351297 0.145378036588258
2464 0.0753384996070937 0.144506863079625
2465 0.0746476568130758 0.143261398398256
2466 0.0740126386110481 0.142113427526989
2467 0.0732531451022971 0.140736412864845
2468 0.0727070833587978 0.139743619916164
2469 0.0723356162104401 0.139066928074177
2470 0.0716138155591001 0.137748928642736
2471 0.0713203261060869 0.137211832016748
2472 0.0708897245204697 0.136422557874557
2473 0.0700273202921258 0.134837256699846
2474 0.0697432540595821 0.134313730762804
2475 0.0693936159297404 0.133668431498678
2476 0.0688590075413058 0.132679752994525
2477 0.0685407169401936 0.132032819168918
2478 0.0680158007947288 0.131058473008228
2479 0.0676268266042486 0.130278182887526
2480 0.0672927566375475 0.129655836614354
2481 0.0668581152514149 0.128788272810802
2482 0.0665423219212519 0.128141754309249
2483 0.0664907988211635 0.12804538063751
2484 0.0659165311239669 0.126913661680705
2485 0.06554584640799 0.126162061731581
2486 0.0646804781699732 0.124477621503542
2487 0.0646436032651851 0.124352762740108
2488 0.064343940318114 0.123731996225536
2489 0.0635724596867586 0.122217389566275
2490 0.0634779669502101 0.121983511998205
2491 0.0631867584861979 0.121376390557838
2492 0.0628048874658845 0.120541980062261
2493 0.0626547182689536 0.120202081672641
2494 0.0623457094582164 0.119505561883911
2495 0.0622438944959693 0.119257582471968
2496 0.0622324374105208 0.119127836320019
2497 0.0618499321302416 0.118291121716072
2498 0.0619723703601487 0.118417121529243
2499 0.0615162777047461 0.117440014064729
2500 0.0617041163833104 0.117691425357835
