52
1 1.48333 29.51667 23.17555 15.45037 3.27230 1
4 1.48333 29.51667 7.72518 7.72518 0.1 1
1 13.08333 29.51667 23.08250 15.38833 3.44931 1
4 13.08333 29.51667 7.69417 7.69417 0.1 1
1 15.98333 29.51667 23.13308 15.42205 3.61766 1
4 15.98333 29.51667 7.71103 7.71103 0.1 1
1 28.55000 29.51667 25.04012 16.69342 5.11615 1
4 28.55000 29.51667 8.34671 8.34671 0.1 1
1 18.88333 28.55000 22.24380 14.82920 6.54460 1
4 18.88333 28.55000 7.41460 7.41460 0.1 1
1 1.48333 24.68333 23.03135 15.35423 4.36307 1
4 1.48333 24.68333 7.67712 7.67712 0.1 1
1 10.18333 23.71667 23.90215 15.93477 6.72394 1
4 10.18333 23.71667 7.96738 7.96738 0.1 1
1 14.05000 23.71667 23.84000 15.89333 5.45383 1
4 14.05000 23.71667 7.94667 7.94667 0.1 1
1 29.51667 23.71667 23.66848 15.77898 3.61766 1
4 29.51667 23.71667 7.88949 7.88949 0.1 1
1 25.65000 22.75000 23.07700 15.38467 5.77179 1
4 25.65000 22.75000 7.69233 7.69233 0.1 1
1 11.15000 21.78333 23.78255 15.85503 6.63487 1
4 11.15000 21.78333 7.92752 7.92752 0.1 1
1 1.48333 20.81667 23.42915 15.61943 3.93281 1
4 1.48333 20.81667 7.80972 7.80972 0.1 1
1 17.91667 20.81667 23.41250 15.60833 7.06898 1
4 17.91667 20.81667 7.80417 7.80417 0.1 1
1 24.68333 20.81667 22.98450 15.32300 6.07313 1
4 24.68333 20.81667 7.66150 7.66150 0.1 1
1 2.45000 16.95000 23.33150 15.55433 4.36307 1
4 2.45000 16.95000 7.77717 7.77717 0.1 1
1 14.05000 16.95000 22.84458 15.22972 6.45306 1
4 14.05000 16.95000 7.61486 7.61486 0.1 1
1 29.51667 16.95000 23.96940 15.97960 6.72394 1
4 29.51667 16.95000 7.98980 7.98980 0.1 1
1 2.45000 13.08333 23.17425 15.44950 4.62773 1
4 2.45000 13.08333 7.72475 7.72475 0.1 1
1 23.71667 13.08333 23.42238 15.61492 6.72394 1
4 23.71667 13.08333 7.80746 7.80746 0.1 1
1 21.78333 12.11667 23.27178 15.51452 7.94090 1
4 21.78333 12.11667 7.75726 7.75726 0.1 1
1 1.48333 10.18333 23.67700 15.78467 3.61766 1
4 1.48333 10.18333 7.89233 7.89233 0.1 1
1 10.18333 10.18333 22.80215 15.20143 4.62773 1
4 10.18333 10.18333 7.60072 7.60072 0.1 1
1 17.91667 3.41667 23.93000 15.95333 5.23113 1
4 17.91667 3.41667 7.97667 7.97667 0.1 1
1 28.55000 3.41667 22.11725 14.74483 4.49735 1
4 28.55000 3.41667 7.37242 7.37242 0.1 1
1 10.18333 2.45000 23.73737 15.82492 5.23113 1
4 10.18333 2.45000 7.91246 7.91246 0.1 1
1 19.85000 2.45000 24.01772 16.01182 4.87806 1
4 19.85000 2.45000 8.00591 8.00591 0.1 1
